eval_loss_per_word = 1.7843393531145566 
eval_ppl = 5.955644069907482 
eval_acc = 0.9147404598391237 
