eval_loss_per_word = 1.5121848159802098 
eval_ppl = 4.536631679959942 
eval_acc = 0.9636075561627387 
