eval_loss_per_word = 1.3723653846186061 
eval_ppl = 3.944670331390774 
eval_acc = 0.9874426426352837 
