eval_loss_per_word = 1.711904678631242 
eval_ppl = 5.539502407758886 
eval_acc = 0.9336469481899884 
