eval_loss_per_word = 1.3244516431444358 
eval_ppl = 3.760122900400833 
eval_acc = 0.9939219572262622 
