eval_loss_per_word = 1.31228433928207 
eval_ppl = 3.7146495475632775 
eval_acc = 0.9947872953054261 
