eval_loss_per_word = 7.031626404714599 
eval_ppl = 1131.869992683141 
eval_acc = 0.04479924156563398 
