eval_loss_per_word = 1.3171715154156534 
eval_ppl = 3.732848127788255 
eval_acc = 0.9954428080450405 
