eval_loss_per_word = 1.347365302954718 
eval_ppl = 3.847275759705999 
eval_acc = 0.9941884507232082 
