eval_loss_per_word = 1.2900992694258826 
eval_ppl = 3.633147198288645 
eval_acc = 0.9969345589992097 
