eval_loss_per_word = 1.2985417113474826 
eval_ppl = 3.663949673604063 
eval_acc = 0.9969207748528159 
