eval_loss_per_word = 1.4854154271005795 
eval_ppl = 4.416799890078577 
eval_acc = 0.9950223915800308 
