eval_loss_per_word = 1.3226386607052947 
eval_ppl = 3.753312039464585 
eval_acc = 0.996039355269526 
