eval_loss_per_word = 1.314427822655757 
eval_ppl = 3.7226203767256005 
eval_acc = 0.9947934215927122 
