eval_loss_per_word = 1.302927534774099 
eval_ppl = 3.680054400345283 
eval_acc = 0.9968579804081332 
