eval_loss_per_word = 1.3104329591109092 
eval_ppl = 3.7077786813034366 
eval_acc = 0.996637434065833 
