eval_loss_per_word = 1.3285749784933814 
eval_ppl = 3.7756591566576 
eval_acc = 0.9945407122421599 
