eval_loss_per_word = 5.313408667801498 
eval_ppl = 203.04114998840035 
eval_acc = 0.2706716248751769 
