eval_loss_per_word = 1.482370326540206 
eval_ppl = 4.403370747180486 
eval_acc = 0.9818700185626504 
