eval_loss_per_word = 1.4303912550084792 
eval_ppl = 4.180334448791373 
eval_acc = 0.9960875997819042 
