eval_loss_per_word = 1.3019637042127032 
eval_ppl = 3.6765091602264697 
eval_acc = 0.9969276669260129 
