eval_loss_per_word = 1.2914353168101782 
eval_ppl = 3.6380044991692153 
eval_acc = 0.9972117734989064 
