eval_loss_per_word = 1.4504528080124945 
eval_ppl = 4.265045324689488 
eval_acc = 0.9815476226942186 
