eval_loss_per_word = 1.275664474229581 
eval_ppl = 3.581080155183837 
eval_acc = 0.9979553516182588 
