eval_loss_per_word = 1.3139740660857926 
eval_ppl = 3.7209315964487266 
eval_acc = 0.9952161354154542 
