eval_loss_per_word = 1.309725885198258 
eval_ppl = 3.705157934364087 
eval_acc = 0.9959865160416833 
