eval_loss_per_word = 1.384833471836883 
eval_ppl = 3.9941607091851723 
eval_acc = 0.9976107479584148 
