eval_loss_per_word = 1.6855504466733495 
eval_ppl = 5.39542000610984 
eval_acc = 0.9288753361800148 
