eval_loss_per_word = 3.567352065896548 
eval_ppl = 35.422671956829014 
eval_acc = 0.4939211914403514 
