eval_loss_per_word = 1.3319513218434018 
eval_ppl = 3.788428623264289 
eval_acc = 0.9942336320919433 
