eval_loss_per_word = 1.290550949250267 
eval_ppl = 3.6347885882405877 
eval_acc = 0.9929203092549822 
