eval_loss_per_word = 1.2606302242154142 
eval_ppl = 3.52764399362133 
eval_acc = 0.9973029020222874 
