eval_loss_per_word = 1.2591731026385728 
eval_ppl = 3.522507530577188 
eval_acc = 0.9981858531773989 
