eval_loss_per_word = 1.258286290396882 
eval_ppl = 3.519385112481551 
eval_acc = 0.9981406718086638 
