eval_loss_per_word = 1.3714186369161552 
eval_ppl = 3.940937491125397 
eval_acc = 0.9984753202516679 
