eval_loss_per_word = 1.2725278233653055 
eval_ppl = 3.569865154985043 
eval_acc = 0.9976926870508666 
