eval_loss_per_word = 1.2571745188220127 
eval_ppl = 3.515474534390059 
eval_acc = 0.9984891043980616 
