eval_loss_per_word = 1.2785390774926524 
eval_ppl = 3.591389149919305 
eval_acc = 0.9976023243133963 
