eval_loss_per_word = 1.2413167887062182 
eval_ppl = 3.4601667747617944 
eval_acc = 0.9987226691008448 
