eval_loss_per_word = 2.434856711943599 
eval_ppl = 11.414183080077434 
eval_acc = 0.7782552027494777 
