eval_loss_per_word = 1.233364283747515 
eval_ppl = 3.432758906376828 
eval_acc = 0.9989815047386832 
