eval_loss_per_word = 1.2301380456535715 
eval_ppl = 3.4217018547570346 
eval_acc = 0.9990358755383475 
